10000
5351 5287
8678 8859
9113 3917
9454 7039
5935 5763
4727 8850
288 2738
9186 8276
7544 1310
9616 8158
2087 7099
2236 3037
1330 5432
5658 510
8432 7674
1805 3176
5678 5807
6326 7540
1388 3884
4641 3979
3598 7929
9871 2765
5927 9214
8588 8131
2936 7776
4875 8163
1690 1339
9507 4932
1997 2663
7238 5735
4738 6143
1122 5679
9211 9765
6037 5332
2899 7768
3185 3310
3264 7249
579 6670
871 1378
8494 4450
8566 2770
3816 5437
5212 5338
9537 1625
2306 8049
9857 3690
5148 3027
1886 3201
1474 3411
5408 411
137 649
5667 6739
7265 8034
9402 8390
1289 7511
1707 6061
4340 331
1399 5597
9032 2411
3039 886
6285 4931
3049 2857
2753 7203
416 652
8732 6784
5734 2877
425 4035
3079 2840
8621 3237
4560 6986
6898 6282
7408 8242
8645 2568
2577 4715
9793 9917
7559 3668
3374 4257
3590 5663
2894 8807
5666 4367
5545 732
2976 4681
6547 6356
7814 5208
8796 9604
2487 6103
7866 1752
3558 1480
9030 6140
594 4704
1452 4885
4305 8489
5183 1148
4073 3837
8144 1815
5492 1235
7755 2917
2279 266
8846 9009
8625 1604
4321 7827
8855 7704
4418 6251
3597 5335
5872 7491
9346 3780
8989 5906
462 3845
1385 1109
2803 6553
9291 9246
1210 2920
3792 7695
9091 9494
7267 7191
154 2196
8947 2601
1879 9069
8862 7072
9805 6469
8027 7303
639 8280
4842 3658
6247 8959
6011 5197
4115 5189
3245 7582
9661 6152
9826 7172
8258 226
3060 4170
6722 3410
3537 6504
1343 2266
7696 8650
1045 2390
9585 9710
3561 8792
5618 2849
3303 8909
9451 6313
831 208
1755 6619
576 949
4701 3094
1536 6551
2735 931
2211 8766
2027 8847
9481 5630
352 1336
8273 7752
4906 4034
422 672
8601 9079
7820 7628
9634 7194
4840 8101
4239 1556
5881 4153
2289 984
578 9351
2988 4128
1073 8718
636 4508
5409 7466
2669 905
7029 2511
5933 628
9208 1340
884 5744
7458 345
3560 2247
826 333
6275 669
4510 6998
9073 2294
872 8172
3386 5749
6154 5392
4762 3200
726 5255
5405 4819
7818 6498
869 8651
2998 8961
5566 8634
3134 987
9127 7282
104 8460
1748 7614
4470 4791
4071 3112
6564 3077
3963 1915
4656 8277
7611 1171
7005 2050
1110 7639
4444 5161
2312 3105
7931 4032
2729 6723
5713 4232
3497 8568
7195 5383
9739 555
3504 1119
1104 4372
8558 2809
7020 1820
2829 8287
8707 8682
3653 6092
4671 7907
7974 5573
5063 6075
772 5981
9958 7314
5502 2925
5534 1294
8428 7749
6918 1808
4449 5893
9509 1899
4722 9313
9212 1004
6193 2632
2610 1016
1975 3404
9834 4217
500 687
8808 7190
9063 9320
7397 5916
2873 715
4134 6932
119 9228
9952 9874
9961 9438
9386 4578
647 8050
3219 1518
9488 2026
8514 4544
3355 6048
8915 7741
9053 7065
4043 7971
8434 6873
4423 9938
3990 507
4908 6432
4440 4755
4807 8473
4400 1375
8145 6860
7501 6778
8174 6501
885 4492
4539 2259
6706 6974
5552 4909
206 9046
3449 8322
5541 1442
8037 9663
3013 9001
9673 3781
2067 6881
998 7588
324 3630
1935 717
9116 4959
7161 7081
1201 8799
7759 4446
8852 7716
5578 4846
2740 1043
2208 6021
340 6227
6751 5634
1360 9179
3391 9539
8816 6234
4021 1304
2924 7406
4645 6900
5217 8668
3435 4628
3826 9637
8863 8599
5266 9699
2100 9900
9487 596
4611 408
5987 4887
3438 4785
4836 3175
6635 7841
6403 4280
4697 3158
1366 4753
909 5800
7189 4453
1437 2060
7833 4209
6569 8222
3149 8877
7632 8991
125 7235
5466 3869
5892 7357
3941 3325
6731 106
5661 2922
4555 2805
1782 9303
190 9683
2893 767
7737 6304
3469 7310
7655 1765
5671 3138
4968 4815
4422 6408
9789 4390
7087 8872
1212 76
7529 2660
2128 5745
6317 239
4375 7713
233 9811
7719 6070
2970 2219
3286 4092
4231 5642
3111 3989
5756 725
2440 6585
2461 1554
7084 8895
4202 9243
8685 4177
9703 2569
2763 5995
2542 8537
228 1229
3498 4127
4234 3258
6813 6633
9843 7486
1276 5736
2042 7668
6500 547
4455 2815
2637 1659
7780 4216
3734 3513
3579 5651
6413 5227
5870 3500
629 6788
9679 4717
3986 4664
2483 6005
858 3479
3991 3765
613 9742
8975 8722
7278 5359
7670 7472
7302 1637
3576 3195
9760 8640
3954 1910
9521 9450
2250 6867
8529 8899
8091 4413
7644 1656
7054 9676
2657 6920
2933 8376
277 1881
8097 9728
4396 6236
26 135
6870 7538
4639 2032
2008 9295
5598 9177
7812 380
4926 8681
4362 7030
6369 5210
6265 7097
6038 8866
6741 9575
9966 6953
5252 8592
2186 8552
2617 8575
215 3424
8486 5377
3173 5954
3073 8120
8370 7205
3810 7523
7242 312
84 6208
8205 1871
5551 5897
4224 5888
8169 54
1692 8443
9274 3133
6954 9256
5855 9738
603 6667
4923 8085
3323 3205
6012 1160
8856 102
5648 3745
4672 4648
1395 243
4635 6649
8901 9542
5742 4172
1463 8756
4307 2521
8763 1693
9213 5461
6589 6055
2468 4230
7686 867
3634 9970
9964 189
1591 7143
8851 2015
7541 1412
2532 2184
532 1172
8207 9473
7583 7914
5844 3650
6395 6153
6461 2113
2769 4445
1106 5991
107 5030
3777 9086
7141 3190
6445 470
2040 9135
706 1626
1902 2981
7394 9909
2028 3977
6298 1607
7371 3992
2580 1904
620 4981
1588 4163
1466 7584
9851 8321
2959 1219
7271 1248
7805 5243
4945 4515
9029 1736
1639 2906
1635 6537
212 259
9586 1703
1415 8910
3888 9376
2595 7850
7471 1963
7935 1812
4684 6826
9326 8134
4421 7651
7505 2611
1605 9042
6467 1014
2300 302
2156 2635
2881 7289
5024 4164
1714 182
9868 5249
8137 272
2133 4706
1627 1456
3848 9048
8133 434
1567 1691
7567 7047
4781 143
4623 7960
993 6099
8573 7287
2872 3809
7158 2626
622 2614
6054 9205
3701 4886
7307 7247
6123 523
2052 4141
2227 129
349 3033
6528 342
3578 7753
3082 4028
8515 8135
5790 8772
3278 5721
8979 9545
8139 375
164 4407
6088 7144
423 4272
7456 7939
1891 9361
2820 8882
4559 318
2488 7848
3501 7569
8006 1609
6915 6818
6634 8472
7664 9367
7860 6382
7736 4584
6329 5822
3426 6351
4288 4457
9155 2480
7530 2923
6492 8118
2712 3881
4187 3953
650 762
8768 6508
8286 8414
521 5089
7961 7513
6093 4256
3493 481
3067 9298
4249 8543
999 2825
2097 2308
2590 7916
8797 8954
7311 5280
127 2914
3163 6546
3915 1063
4140 5553
5174 6072
4343 36
4386 5348
9523 1313
8368 8411
6505 6845
5117 124
7089 4314
9549 2441
8636 1379
9832 2436
6582 8578
3236 161
5353 3656
5247 7220
1349 7200
1362 3172
8294 7131
2180 5920
5093 3035
5250 3629
70 3481
8410 9592
4857 9162
7693 5313
8484 8001
1515 7689
1350 7169
8908 248
7742 7703
4260 5925
9287 8440
1761 1516
2987 6335
6603 6858
85 6819
5352 975
8560 7987
8687 4377
5718 8842
245 3971
663 4633
4055 442
6121 2482
8902 6725
9513 6283
4468 3967
7760 8949
234 6776
3697 6229
7134 5764
4301 2571
4087 9960
8962 6421
7800 8544
698 2081
2531 7548
5858 8246
7904 4547
8676 4520
4824 229
7070 8062
9235 8782
7617 6732
3413 9992
1288 3928
9748 7619
1117 6439
8726 2714
3711 1447
6457 5966
972 5373
2063 2163
2155 6604
1499 567
5439 6071
5676 2047
2391 5689
7950 747
7701 7925
7009 4988
9870 6654
7319 482
5592 2317
7128 8887
5336 8838
8076 8498
2106 1922
5921 4927
8844 5417
5127 9650
179 1573
8204 8257
518 6989
7120 9075
3779 2961
6111 2832
2578 9460
4246 8419
6913 8232
4854 4769
6023 7957
5806 8391
7372 2076
8626 8572
7061 1496
8043 7859
5079 7488
9563 801
6522 4542
8016 8761
8755 367
7622 8365
362 5791
3897 3894
1086 2758
4936 9057
4780 3311
5568 2792
3370 4383
5478 3633
4235 1355
2053 6624
3791 3647
9675 9853
8270 4473
2812 1839
5000 8849
3040 4624
6625 710
5362 5793
5544 1036
5259 711
6850 4992
619 2435
3312 7536
6148 3725
934 2867
7059 3575
752 9625
6917 2490
952 1155
6384 3739
3126 3334
1825 8329
8061 7792
6717 6809
7891 764
3267 9702
992 852
1850 495
3271 5418
2541 3835
819 797
1697 9058
6299 75
684 9885
5260 5300
2984 3371
8574 5543
2185 5530
6344 8614
627 2991
8727 2102
7933 4902
341 3096
3696 5698
3198 101
519 7630
7968 8521
2719 7013
9010 7824
8618 3684
2368 4236
3029 4610
9617 8801
5949 232
4347 4872
8023 4122
719 2682
1351 6383
4918 8469
4678 4933
9307 3181
7942 4199
5056 263
9447 4835
5329 6341
8781 9464
9289 3337
8520 4518
6365 1708
9472 4042
2876 4469
9533 2957
3216 5848
5879 4298
1405 1314
5015 3843
866 1423
2986 3557
2978 606
9319 9842
6530 8212
962 7045
5085 6997
5166 2874
9242 6646
810 9273
7340 6364
3720 846
3062 3199
3942 3294
6333 2202
6715 701
3768 1125
6066 4834
8122 2183
47 2116
1504 5865
2320 7884
2140 8607
8680 3800
1941 658
3906 2296
50 3865
4888 4874
7845 4303
1124 7972
7243 7612
4730 917
5133 6995
4837 6985
1060 1398
7602 4688
9449 1719
1387 3016
7621 9435
3075 7173
9283 753
7090 6773
2260 6025
4064 3762
583 2020
5811 5662
7520 2858
6450 8891
8055 9184
2664 3996
4336 9420
8720 8701
7748 878
3811 3005
4747 5688
7048 7886
7710 4385
548 4889
1268 1455
3981 376
4016 723
2152 2900
3373 4274
5646 1584
6859 9573
9501 1241
4620 2024
9436 9385
1843 5069
8654 2342
4424 640
4359 3902
3757 6198
1971 4798
5175 2560
553 6289
5706 6125
5091 1787
6707 1683
6213 3336
2952 4332
4018 8709
9872 1105
6718 3289
3228 2221
2291 7576
6324 5767
3170 1967
8420 2157
3548 4855
4766 1500
4292 5339
6502 5824
382 1685
1990 713
1507 8200
2226 955
3595 6004
6573 6190
4251 2783
3774 1548
2723 5004
3609 7794
895 3114
9516 2003
3030 6024
5331 8818
9180 3388
2004 5316
6203 9302
6933 9615
8349 27
7071 1896
2459 4056
8779 634
3101 1107
7705 1818
3624 9022
1454 8747
178 5084
9514 3788
674 3527
6156 339
6262 1297
7708 1617
4541 343
8741 6643
2553 1473
6648 7835
1481 9253
5536 7387
6839 1760
2847 1408
7335 6771
3580 3932
453 1890
3238 3664
8271 5982
2452 6529
9469 7579
9904 4642
8237 2119
9580 3239
3324 60
4176 4953
4861 2359
7004 5789
9107 9130
904 6332
3457 7392
4103 5092
6526 4024
393 2898
6481 544
5876 1699
181 4344
2946 4728
7438 6277
6789 7557
9744 6660
5113 8735
4796 8567
5948 3218
5556 9348
3568 3797
8363 3859
5559 1469
2776 8917
1306 9764
8591 3748
6263 1200
8102 7721
4566 4930
6621 7283
9684 5395
4673 8522
8924 5729
940 7677
2799 4779
5296 6033
9415 3746
3968 9607
5349 5027
8309 9666
172 5816
6107 9922
7447 4211
2066 9814
1574 8007
4947 3384
6470 6672
3045 402
7880 5564
2318 1855
6479 9278
9769 4282
7435 9418
3431 4395
4102 1701
1917 7681
7636 5709
6128 1143
4384 8045
4415 8655
293 9395
9892 5070
3069 7042
5961 3930
6757 6136
257 7426
2589 4447
5849 2974
2913 9836
8854 9312
2844 5774
1550 4227
5588 3543
6405 5653
2396 7008
611 4352
5136 9698
8327 8408
1847 3771
8603 2334
7192 2417
78 1616
1745 9589
8977 5200
4577 2127
2403 879
5624 8874
7092 7991
4997 9276
3292 4394
5354 6260
8736 9428
560 5584
9102 5997
4901 268
473 7881
6456 365
6090 8517
7313 6595
9925 4680
7733 3157
7368 7375
927 7948
1050 6689
6591 303
9884 751
7837 974
9083 8446
9261 2090
1413 4707
3617 981
7646 5904
2931 1316
8388 1147
8533 7561
4723 4553
1983 8671
8233 1747
757 8300
2195 1353
176 8531
5427 1914
5180 2678
2625 1317
4853 2248
5256 8075
7358 9803
9150 8840
1721 1081
7816 6841
6652 1832
8380 4009
3420 9167
4805 4866
8143 3880
1660 9039
3655 2135
9891 6666
5603 3962
4522 7709
8092 9491
2789 5374
504 2251
1877 4036
8939 8323
7984 3509
5240 1674
450 9687
8624 6418
7455 8167
351 4268
231 3700
1293 9538
6477 765
4820 8417
6939 9031
2496 4086
823 8048
8186 8953
4284 5387
4452 708
8508 4484
6883 4070
319 3159
5271 9926
5021 8393
1868 7998
9383 8957
148 421
5410 7871
5360 8698
9646 3528
856 7882
2916 9227
8416 615
398 8033
9170 7083
1166 9606
8843 1459
1628 489
1885 5975
8267 599
5862 4655
4180 6
8919 6903
7010 1361
8235 7410
5454 7906
9176 2220
2537 358
5264 6195
2378 5193
4733 1794
1533 2713
7073 9993
6447 6878
6549 5645
2171 2736
1527 8813
3353 2145
8628 2512
893 8471
8164 7227
3823 6866
892 1878
3914 1325
8997 4132
1427 9705
8449 5535
3432 4095
6160 9379
8073 8260
3943 90
7699 1088
4845 5286
8373 5002
3889 9806
7164 2584
3147 9932
5062 2439
3511 7977
193 1440
4398 3340
8492 3266
7014 9417
4632 9334
7964 5367
7074 1762
9111 6830
6451 379
459 5837
221 5457
2448 4203
3166 9567
8467 6067
3994 9353
2258 5144
2150 9202
9572 4404
4529 8431
4327 6941
4490 8904
1602 307
5908 5722
7865 4146
6808 9873
1487 8082
2297 8347
8278 3206
1851 6688
5978 9356
7032 9950
3728 5055
1127 9375
1948 6943
8565 4784
6865 3726
9414 1621
9426 6629
539 8794
3123 2295
5154 9434
3078 2848
818 4990
6368 4993
3050 4983
2963 313
4361 9178
7856 1302
1475 2808
2319 6774
5318 2373
9716 8196
6817 4604
9301 9608
7982 9332
6126 9924
4582 7098
9883 8452
9333 3535
2795 6278
3330 4764
749 4548
3850 1972
8379 1529
2275 9568
779 3186
8860 5485
561 4788
8834 1547
6095 1443
6749 688
7649 4570
246 9355
8100 9423
323 7127
8399 356
525 803
8721 5385
3356 7007
3538 449
346 9986
6149 8483
1101 1930
743 4613
3162 4509
875 2892
8107 4773
3327 8015
7349 5441
5986 574
9689 2256
7069 6842
969 9701
6225 2243
7331 4475
9896 506
3600 3531
6885 4082
8981 6435
9880 4561
8353 1694
2675 1218
3447 7411
7983 7729
7451 862
1345 2891
7253 3242
167 563
7861 6157
9694 7735
7424 6694
1633 2245
1042 8535
6780 5868
5143 5647
5626 2326
9118 3122
8841 1322
347 8398
5832 9954
1934 484
8627 3184
7808 6922
5077 4491
475 6857
2782 8557
9947 7079
5628 4010
8669 1346
9282 2540
1369 6244
3007 8948
159 8447
3081 7763
2702 3988
9129 9854
4308 1303
1017 23
2034 5041
5569 9692
2654 1680
988 7610
7532 3476
1013 6472
4316 5510
4304 9736
3654 2772
6352 3403
3735 5613
4934 230
8078 7204
3108 7615
3160 7672
2943 7657
2962 2418
925 5238
6580 9480
3084 1205
3978 4737
8156 6425
1085 5684
850 6745
1613 2169
8788 2336
3662 5060
7212 8019
7631 4535
4716 983
1666 5345
9044 9808
5602 9060
2953 7333
7495 6793
1033 59
7398 9115
4617 4557
6175 3736
9890 3425
1581 223
6252 2882
7213 1390
5484 2934
6463 2096
2083 9245
5445 463
114 8693
8629 5596
4192 9726
9311 6305
5500 8581
8611 289
4368 4644
1612 9419
4486 3390
5458 1957
5072 6999
4653 275
2641 3187
2771 4654
5834 2033
4133 7196
1953 9730
3387 2098
9685 41
7975 1862
6563 2643
1898 9463
8021 6994
2126 4774
4799 2538
5301 404
1848 3851
8699 2330
7355 6100
6518 4392
1265 3343
817 83
1514 1750
3165 9496
4358 5168
8195 7021
1928 6448
8503 9812
387 7469
9785 7806
5958 5612
5342 9429
4382 2766
1403 941
7940 2362
2903 2904
8362 1258
3089 8679
5947 8325
9982 3936
6927 5347
9147 2525
9847 6094
2896 5491
6982 2656
465 3671
2655 9530
1642 4803
538 4381
9210 4078
8066 68
399 3518
4922 6687
6309 3428
1543 8248
3495 8060
4549 6499
4333 9780
9394 8275
9445 5137
5108 6181
5521 444
6150 1422
626 4501
6686 8125
6169 4109
8400 1506
9482 4182
2367 5956
1307 2212
2121 1287
2520 7105
8737 3202
2567 6087
3760 5257
7777 6606
8296 5440
6417 9166
8042 3174
7952 1575
5274 3852
5805 4283
3632 5846
6204 3955
750 6843
7101 718
1057 3631
478 5128
5191 4033
7665 5852
2365 3222
3721 5971
8826 1608
5277 5874
8247 2084
1854 4746
5088 1046
1153 7343
2010 4323
4414 1183
763 806
2646 9037
117 4867
5751 5952
3299 8199
6437 9576
7690 5589
8266 3591
7208 4677
9288 242
5375 939
5755 4433
103 6605
8769 1220
4279 6292
8539 918
9249 951
2777 8638
9055 8096
1965 1926
7323 8255
943 9391
5898 5303
8806 7075
6286 8476
4194 2941
7229 9969
1185 9799
344 2979
7915 8053
3553 2648
5683 3987
8830 1245
2218 5896
5507 281
8896 1008
5048 9065
1530 3155
4512 735
1098 3251
6444 7364
9708 575
5497 2393
328 8438
3020 7344
4222 8922
5273 7897
6387 1977
7773 1189
9658 3933
6043 6758
9524 1066
6570 2348
8810 7671
5365 9074
7467 5413
3466 9453
5120 1094
109 8499
406 1654
1267 8562
1903 3486
6274 1610
198 4912
6910 4030
3741 5972
9700 3110
4259 6141
7821 9973
133 6098
9711 9043
580 8656
177 5011
9939 9971
6775 5635
8250 4451
3818 1537
5514 874
4682 2394
5443 546
3248 9559
7446 7464
5937 3395
7353 5701
756 855
9347 5082
5344 9137
7306 3584
8985 9779
2535 7407
9109 2332
8696 7270
8965 4057
784 8675
5539 1624
1872 156
2412 6462
4575 5943
1897 6855
3345 5494
2869 6868
8600 5384
7476 9599
2357 9931
3645 1196
8335 5315
9268 9756
7489 7139
2080 956
9882 2019
9777 1769
1943 5912
3349 7734
7862 6180
5903 9674
5533 8087
5891 7138
8336 4826
2198 6521
6791 7185
267 4483
5111 5199
8918 168
5414 1984
2072 5450
8837 4320
3269 4436
3419 5481
7484 9014
7774 868
6971 6863
6471 2201
5670 7400
6182 591
6704 5206
5919 12
5842 9209
2197 9697
995 6404
4585 5772
6880 5587
3344 7367
1687 5321
6658 9371
4802 2821
961 3363
5061 194
5691 2762
8590 8210
9266 1932
2666 3253
2404 8054
1393 9387
454 4752
5251 111
657 7082
7305 8615
6700 1071
2890 8236
1225 456
7542 2316
4985 199
4724 2328
4994 8717
9082 1431
8215 2387
536 7923
775 1598
3142 5471
5944 8973
290 9518
28 1372
4878 3593
4108 9390
9983 1809
6350 1723
7142 7345
1341 8929
7683 5245
3076 3861
3137 2424
2056 3602
8372 3516
6862 4054
8421 9527
6656 9168
6533 2114
1335 4626
7260 9714
2230 8444
9763 8332
4797 3999
5047 4428
7782 2146
5472 7988
7276 1142
45 812
3883 3474
132 612
9101 5380
4813 722
2094 5694
2475 353
9731 6491
6120 7383
3440 7360
9033 7232
253 7028
3847 2338
4967 9910
3233 9510
8602 7416
1380 5431
6380 841
3749 1199
8820 4843
970 9717
3229 2143
3565 1298
4603 5595
7616 2333
4852 4811
8282 1857
9465 1460
1731 6279
8319 9187
2120 2484
2055 7650
385 5899
9095 3397
5115 9476
5267 4148
8670 3691
6600 7506
6232 4161
8454 492
4517 6290
3547 8456
835 7019
641 1115
686 4020
1939 6531
3950 3243
845 677
4353 6397
7490 9343
9067 2506
8209 2216
3616 6127
1595 8507
3465 6454
9499 1528
3342 3803
7976 9078
4576 4900
929 3085
2170 1283
7136 8288
7153 4619
8355 5869
1568 7917
2089 1882
8647 9807
5003 2240
7338 1061
1318 5411
6752 8245
6015 6663
4621 9959
768 8984
1477 9359
6779 5754
1420 31
5171 9110
2386 4465
3702 6524
3083 714
9945 6478
3143 9068
2043 5293
3471 8754
8412 2650
6574 1453
9308 2232
2794 4905
5167 2591
7738 5103
6541 8706
2384 5372
121 2164
4686 2593
1611 9248
1020 3790
5073 7868
3719 8426
3703 9557
9588 5784
2177 7361
8880 849
5407 9190
991 7873
549 1884
2498 6422
661 8802
9776 5796
7936 982
7106 9639
8970 7908
274 8773
3152 5829
4751 5496
9893 1740
9401 4526
7036 8762
8875 3814
9859 3716
3274 2748
1712 5672
9645 8944
6273 2566
8404 5005
7000 315
7903 3364
5522 8026
9329 3036
6597 5567
2356 8665
5396 6523
3499 4409
4989 414
6442 204
5794 9624
17 4954
4910 1320
1123 5235
8340 6594
7647 5979
3910 8436
3284 6428
2158 7116
8757 8009
3935 6165
5237 7341
2927 3674
371 8463
2432 2929
7555 685
3707 3639
8793 3455
694 5516
6284 1236
1191 1732
5665 7599
2467 3012
4065 195
4463 8094
6938 3637
4007 5141
4893 6759
6702 8071
4694 1108
5985 8231
7312 2949
2967 397
5057 6972
4683 4098
3052 3646
7315 1783
291 5017
3097 7746
1128 568
9272 7155
8356 5752
3148 2731
5619 2918
9285 4579
4614 7728
6480 5479
9195 6255
3019 3376
322 7937
1730 8303
6795 8689
2549 9384
6044 9678
140 7494
2476 5560
9967 947
8121 788
9471 3270
3993 3626
3399 3213
2582 8153
3153 93
8279 9478
4536 9112
9546 8931
3519 5087
8967 1151
6400 511
6844 100
9224 5988
5798 9188
7888 985
9452 7483
5394 4943
1428 4830
6690 9265
7102 4592
2559 4107
6561 1620
844 1239
8819 368
6840 3446
1770 6626
7444 6162
517 9723
4563 5945
430 7064
2200 2665
464 7913
7944 3372
8920 9380
4863 6176
1056 6032
8105 4479
4531 8098
3919 703
2082 4503
4663 4580
2842 739
8123 6291
6130 3430
3699 9173
7524 6222
7077 7236
5957 9200
1296 2374
7216 6811
676 5483
8415 2462
2000 3896
1049 2585
9877 916
9861 3959
40 520
6330 7560
7300 1141
811 8291
2579 7563
6308 1311
1998 4631
6821 9690
4363 2839
3649 2587
4537 4903
8151 4168
4714 8927
7210 2016
5228 9139
5302 1586
9749 8238
3900 6777
5416 4156
1494 1182
4801 7432
8005 7427
4870 1974
8488 1909
7836 1295
7379 7570
53 8936
5298 4013
5623 897
1260 13
6211 6864
4659 5629
6484 693
5570 9286
4581 6981
1842 8290
7482 2322
97 8716
3839 9144
6391 6077
4388 5150
4858 9181
9720 8099
6516 1126
3832 2504
7178 7902
3733 8742
9535 6161
5420 5153
3524 2640
3351 2313
9142 9849
8608 9017
5434 5398
3398 9322
7604 2889
6487 8482
2645 1441
5680 1348
5818 6257
5702 9526
8462 3402
8424 4708
2105 6655
5279 6587
3473 2706
3257 592
8475 3385
9309 7316
6029 2828
6734 8878
8435 2225
3723 9484
529 9128
3212 9021
2261 6159
2910 5170
4949 9593
5615 9865
742 8493
3607 2426
9475 9158
6003 4241
8791 3107
1382 9157
9281 4058
6877 5130
6218 2154
9662 1874
7114 8551
833 4977
6030 5503
4389 2281
4962 3293
8184 6415
720 4675
4743 863
853 922
3956 758
8577 296
4167 6548
8598 1844
5668 2878
6138 3885
8663 1918
2658 3517
8811 8314
748 9316
4276 9898
7962 1418
10 1009
9339 3564
7462 7965
2563 7877
8998 3366
5305 843
3819 5163
8124 9582
6644 142
664 2382
8518 6581
2142 1486
7373 1751
4879 660
5866 1146
9800 598
1402 9193
9610 593
74 4262
6436 6151
6411 4591
7399 2502
405 457
4756 3352
9143 5827
3672 1138
4690 9072
5692 7130
8086 9886
116 6983
4137 705
3525 5204
4950 209
447 4507
1416 8214
581 225
1034 820
7985 6325
653 9737
1952 5562
9681 2751
8652 6937
6824 1356
9654 5932
7855 6097
7460 8612
565 8893
1255 2895
9096 4882
6766 6424
978 5523
9006 9338
9232 9627
4193 1737
4958 911
5980 3641
5814 1711
8711 3824
5012 6610
1445 7255
7180 9633
5230 4189
9734 8068
6041 5743
6869 6312
9579 7624
2850 6963
3966 1383
2552 8829
8074 3667
2960 6822
7740 1540
3442 8017
7342 3408
9328 3586
2855 4783
92 5028
7222 2172
7470 1757
4300 8217
4551 9197
5109 241
5146 8604
8937 1599
3226 415
1846 6258
4726 4041
2301 3892
4865 1075
7618 7183
9951 7186
169 6069
6685 6746
5640 5436
6006 2205
8633 2269
1273 4118
7920 2747
4265 6960
285 3406
6455 4091
294 3361
1249 8259
1489 7504
3744 4218
8459 8983
4471 3348
7898 4972
3588 4139
5976 5438
9134 4514
5519 5610
6756 6801
5638 621
7381 2528
3551 5726
7246 9098
4732 2767
3958 4076
3567 7168
5357 6354
8712 5887
3329 4403
3540 5422
2726 2547
9517 2443
6691 9913
2823 5268
4884 5157
2618 5677
1746 8384
8527 1671
6019 2853
4084 3273
4226 906
1331 2206
7724 6640
1853 4101
804 6503
1821 4130
2790 4829
2523 2099
196 5322
2684 7876
3099 3693
7403 7334
1817 3462
7629 2494
7702 7067
8283 8119
4636 4616
6485 147
8357 5067
3217 5884
1978 9994
2364 8487
9758 2548
1292 776
6507 1883
8695 2038
8433 5931
3041 5272
4915 4804
6489 4328
7543 5325
4606 5631
9443 2880
395 6562
3014 2722
7086 4838
2392 8264
4963 8783
2324 5607
9105 7231
8458 8890
7620 9358
3871 7750
3080 7273
7037 4532
7786 1945
1308 9515
7122 851
4165 6532
3875 5833
7852 6678
2314 5886
5071 9920
7643 5046
6441 889
8072 9996
8377 2397
3676 6607
3115 9668
2703 8402
2683 7798
7854 3047
6174 712
6765 3136
3596 6073
2093 3315
6009 3092
19 721
4892 4365
8848 6473
1041 2207
7963 7133
4669 2430
9669 4045
6820 8014
5673 5917
5962 2659
5890 8080
6559 6301
8978 9336
6754 5066
1641 6168
5333 9240
1753 7166
158 8730
730 6608
4758 3023
7953 4833
5946 8324
4110 590
2681 666
8774 643
486 7011
1421 6693
675 2500
6560 1695
4984 2539
5724 4894
2223 1725
8569 836
2653 2671
9881 9229
7653 680
7510 2134
6074 3389
5963 1668
3171 9389
1636 3464
4116 1585
8897 1826
3858 8148
2473 2950
51 401
1989 8885
1563 7678
6892 2239
2701 9290
3998 9035
4494 7261
2115 213
3642 4695
9204 8226
828 959
8966 6514
5309 6735
3487 1449
5138 8734
4556 4691
1130 882
3103 4252
1541 6730
4233 4810
1646 760
3169 2806
1468 6874
8610 3982
3751 9713
4373 2429
5674 6948
7419 1834
8858 9928
4138 7240
7352 8178
5583 9294
2117 7288
1907 2315
3262 4051
514 8661
2819 5518
2674 4524
187 1985
9489 503
4037 1435
1866 4212
5955 6969
8831 6340
9621 2444
2199 4500
2457 1425
3686 4117
1741 2493
3618 2830
6239 7656
7336 4660
8541 5775
2851 2526
3000 4121
5841 2570
4003 1359
3661 2346
1986 2307
378 9948
3146 8386
6814 2508
7796 9934
3032 5901
2238 3688
9064 7687
7055 8982
1667 9393
2370 8500
3285 9724
4552 4405
7951 9802
8330 785
8366 4183
6339 7262
3985 6681
7558 3766
6269 954
2303 3830
7095 9411
7223 115
9889 6510
6961 2556
4145 4693
6474 1169
9477 1024
3109 1790
4023 9140
9995 3227
2414 2255
6816 5239
6737 7844
2546 6307
5037 2447
6221 9455
6641 6896
7515 3831
5771 4474
64 5750
1483 5343
6202 2049
5370 2323
8289 7676
4458 522
5783 681
2651 9596
1332 7727
7901 6716
186 2366
8921 8252
926 5202
4505 1754
6984 7388
6675 5657
2445 5792
864 3331
3211 7598
4496 7457
4731 2676
2070 5145
8095 4588
1031 2555
5936 7514
9519 1709
5883 3488
3056 5363
9345 1488
7256 4026
6306 1177
734 1357
3530 1312
9354 5918
9337 244
3314 4460
3874 2964
7374 3309
1766 5364
4063 8835
4844 6248
112 4634
2700 3764
7949 2733
637 2596
2785 8705
8536 2270
7135 5641
729 8461
2486 5263
8805 4360
2137 6394
7428 3254
2283 56
5185 7739
2737 5659
4341 6542
4488 7179
6345 2937
9439 2545
6945 5276
3648 558
2007 4048
3533 3409
8589 4144
1729 7389
4760 1713
6083 1800
7718 1266
822 8828
7356 278
3737 8868
4919 295
6392 8563
2888 5715
790 8069
2522 5591
4205 8881
9688 623
1655 4348
4008 6261
3742 6084
2485 6132
7326 3820
410 6328
9201 847
859 6110
5213 485
9664 2796
903 5188
3354 8293
1254 8439
7418 1096
5169 7870
4125 655
1908 6226
8442 9933
707 1291
8767 1167
7423 2237
4637 1795
2383 1400
2073 1261
3601 5525
1482 9845
4869 6212
5369 7012
7094 9989
3131 1618
9578 6355
327 4742
3863 2534
321 5983
3542 6336
445 7662
6375 2419
5382 2827
3606 1950
6243 3795
1216 9667
1133 7454
6060 3028
4597 7294
5748 8935
2492 3556
3838 1464
7502 942
7658 2481
3490 2558
537 7257
6186 5129
123 7237
1526 8161
1315 4162
7058 3887
9442 1580
2791 1672
5320 9603
9203 9652
2335 4402
282 5219
7052 4354
787 7465
4868 7040
2715 8725
8345 9642
3182 3520
1132 1798
7533 8731
9990 8002
8775 5725
4120 9794
354 3235
9768 5515
3480 9613
638 3812
6572 802
7918 2707
9267 2501
2497 9755
9145 1099
6177 4046
7377 8261
7793 8646
6468 3381
9635 2856
8740 419
1867 7337
9767 8753
2845 8960
3946 9409
7994 7685
2344 7843
2687 8548
6490 5999
7023 9164
7518 3368
9399 8504
3401 7578
306 9611
3316 2075
1756 7996
6381 3038
7890 554
7274 7635
8354 1534
1531 7771
1069 6724
6720 979
105 418
571 7277
6464 163
1710 9408
5116 502
1829 5797
896 9005
458 1018
5821 3065
1677 1789
2843 2788
4131 7663
2469 1579
1417 933
7575 1700
584 6799
2041 3506
4349 3418
9600 3210
702 2774
8642 8986
6924 2045
8622 2716
8351 6851
9988 7263
20 3681
3178 9404
5969 7347
7591 766
188 7946
5034 7202
7539 8637
6200 2734
9324 7118
7111 781
4325 8506
7219 9215
997 8641
9123 2018
6359 4670
5045 5675
202 1893
7354 490
7280 1968
8700 5537
1644 5096
659 7669
5198 7688
7910 1275
9787 5110
280 5220
8115 1083
5759 392
6586 9828
9953 6230
6599 891
7627 1676
2728 7080
9629 8239
7980 883
8583 5132
1158 9727
5575 5998
6618 1035
5160 7497
6210 4393
4847 338
4599 2775
5178 4969
2190 2153
8149 4506
8240 49
6934 8907
1135 5782
1738 4795
2956 5637
907 3975
7789 8445
7754 632
3834 3484
6000 5218
3769 2311
5550 9222
2228 8631
5803 8056
1658 7440
4420 5275
3301 120
6952 9090
7625 9422
7123 5262
6017 9750
6246 8113
377 4014
1959 5974
6964 3571
7757 6266
7402 1739
793 1835
4044 4191
5817 3798
1733 452
9556 8776
5548 180
7329 8350
3679 6063
4734 79
7714 6888
1498 3864
6393 3605
4219 2272
6271 6592
2385 2425
5054 3732
5845 3891
8093 2764
4638 1772
6497 4079
8285 4662
2935 6065
4489 4069
4287 1801
4438 528
6887 2241
7093 5419
1391 469
5453 5710
6664 1545
3695 7745
7412 1860
3581 7330
2621 8992
1796 4794
9759 9221
3705 3416
6705 1285
4667 9693
6630 1653
3319 7519
6407 508
8430 7781
6158 2413
7787 8694
5853 1927
2194 6803
2381 4432
3231 1961
3589 8790
157 7035
65 5074
3868 2179
5368 9462
2787 9226
7259 2864
6911 5029
1508 7015
7896 1704
185 4015
1327 5282
7184 1051
542 217
4982 4150
11 1724
2999 1090
7858 1649
5376 6056
9183 3522
7291 3305
7589 8371
69 7146
9570 936
192 3119
8839 3494
3234 2620
5992 8103
210 4207
654 4851
7157 7772
5292 1576
4378 2951
6042 5802
2257 2495
1852 130
4247 3485
2861 8341
7817 219
9827 9377
3328 4285
2062 5513
8623 131
5118 8780
5704 3058
3088 8
5643 5291
4562 4666
4609 5462
1562 9231
6520 8643
4090 6216
3232 5707
8630 2599
1715 2351
4154 6517
4627 3685
671 7226
4772 7535
300 9790
7088 6051
3414 761
6401 3346
6659 6319
6825 6513
3708 7096
3747 2692
2975 5152
5929 6834
5480 9350
9709 1532
224 7295
2298 7810
3194 7566
9425 8996
2349 1269
2940 4899
5482 4928
6761 6057
825 4441
3929 7165
1184 4466
2331 9815
1084 6956
5867 2564
4625 2616
6796 3550
2871 4821
7031 648
3161 3357
3507 5020
5232 428
704 9875
2284 2011
8146 5261
5222 7301
88 4622
9762 8743
386 8263
5585 9935
2909 5366
6249 5215
8185 3347
2630 3009
3840 89
9622 5873
8750 8190
433 6931
8519 2690
5100 3145
3717 7941
4545 2478
8284 6692
3106 4296
5639 6109
6118 3922
7545 1157
8516 9980
2901 9564
5808 6894
1091 8751
9672 8339
8550 6219
488 805
5124 1470
4206 2760
3302 6947
7117 8128
1000 9544
2345 1278
9987 7129
334 3825
8490 2054
8318 7445
2813 6416
1777 9468
6785 6823
6740 4255
1116 4961
3724 1969
5621 9020
9327 7869
7675 2801
1401 3573
2479 5288
4999 834
6710 5738
1156 9878
4941 2761
9583 6254
4104 3313
3118 3665
4427 9003
7732 8311
4712 1718
1103 1491
4097 3010
4337 9912
7324 8898
4739 80
2149 1187
1994 8418
7654 8423
2609 7050
4817 4410
1781 9553
7623 7606
6846 9991
7587 424
3167 1439
8228 8759
3459 3066
4917 1905
3549 7521
3051 4567
2407 3072
699 7707
7723 3022
6871 2619
7642 2354
7046 7057
7634 2605
6614 6727
7995 9594
3890 1763
4196 5885
9070 5172
3995 2883
7188 9093
5687 4630
4022 5787
4991 4942
396 8346
4612 7449
8542 6711
9566 2588
3786 3860
7234 236
3433 384
3718 7121
930 480
9056 2503
5126 4921
3508 2837
7380 1250
9174 7382
9916 3948
7932 8903
5877 9754
5025 8165
6755 5231
9981 1381
2451 3706
6835 3004
9902 7894
3526 1802
2375 5328
5233 2739
329 7743
1497 7318
1553 4181
7893 5265
8159 1326
3512 2377
9660 5179
8554 9427
1630 6907
4775 251
9431 4924
2509 2544
3156 58
2527 8181
4538 5576
1577 6680
2822 1875
6027 1206
6781 2667
2048 2101
6968 8385
2514 8559
673 1938
4904 2696
4615 3034
1484 7758
3280 5714
1600 9846
1011 2162
5504 4602
848 6854
1525 2285
1749 2023
1726 8683
9816 6020
2463 7385
771 4480
3909 8320
609 1003
4019 5857
6558 923
7026 8022
8265 3854
3318 25
1444 6115
9614 2784
1759 1272
8383 9977
4530 9381
1215 2025
9590 7770
6001 9117
9829 7778
1979 2229
7171 6729
5308 9963
7245 2431
4245 6914
3529 9314
7384 9825
6122 2352
2786 2698
3582 2816
6748 348
8930 7327
5423 696
6556 1572
5994 9182
1673 122
6163 8441
9018 6544
4966 1044
8343 52
8189 9024
3773 4913
6363 8928
8594 8450
5340 9968
5306 9498
2928 8945
8501 6576
335 2217
6327 8955
1111 4270
5737 1634
1937 3710
5953 1833
7285 7762
8657 540
4864 6671
6665 1845
7443 6620
3429 6950
1394 7100
3628 4100
6753 8861
9410 1251
6233 9696
6268 4960
8140 1396
9304 2453
601 7698
7152 5804
1282 8044
1005 1150
8422 6662
2911 9821
1679 1490
4744 6440
8063 6420
391 4643
8413 2472
5311 5965
5652 1582
3203 2887
9555 2720
4391 8465
8305 5967
5435 7801
6114 7163
1511 2036
4220 6636
5135 5075
5711 5469
1137 7955
7003 6763
7308 3680
8691 1949
3247 8576
5699 8219
4350 7692
738 1290
207 9219
5032 8251
8077 9887
4883 4
3168 1040
7376 6726
3939 8770
1906 7867
3196 5940
7413 2721
6733 4916
5361 8088
9257 4152
4244 1139
6647 6034
4741 1570
4106 1510
5593 2276
9036 1988
8008 144
4302 6769
1223 5696
9867 8814
9341 7150
3510 960
8538 8173
9000 264
8117 5785
8394 1956
7207 5747
5695 8824
8225 9906
1093 1054
5049 4208
6361 1931
530 4459
4011 6554
5856 8809
7883 2798
9647 9929
9432 5379
5346 900
3281 8229
1557 6295
439 1768
3783 2677
8825 6875
5757 2061
3730 881
5099 2600
543 5732
7477 7415
4464 5147
9071 4504
8595 4600
9458 9783
6458 9824
3279 2304
3980 9643
1822 63
3997 8180
9405 1587
9895 7429
1242 3458
2673 2454
604 3
9908 4971
6929 8429
6598 2561
8382 3940
8586 3683
426 6433
6525 2138
2622 839
5224 989
9719 6316
3383 1118
6713 2629
564 6682
5023 8211
9781 1461
7712 6449
5319 2234
6106 3515
5614 6494
9659 3482
7726 1067
9392 4049
3338 1966
5700 6996
5404 9363
8162 8479
5529 1319
4523 2380
7332 4012
5558 7562
2954 7549
6453 2780
7525 6951
7637 7463
908 754
9264 6113
3434 6240
3521 1865
2231 8748
9550 996
8025 3808
6519 1058
1237 1347
5464 9352
7296 5498
830 8013
5149 2529
1462 6645
3554 8176
4596 4442
9547 4765
2908 2907
1717 4136
2955 5882
9497 3003
2398 5572
9820 2001
2592 4974
7809 692
5253 238
7258 5895
1555 6806
1913 6010
2517 6117
3042 3828
1134 9034
2327 43
2884 1053
5327 1538
7264 9839
476 2068
9280 2175
4299 1734
5831 4062
3086 2358
6366 2944
8405 6872
4527 6348
5242 2125
6832 4832
9774 1256
3608 2372
2868 1632
4221 9850
3974 2012
2818 980
5524 7607
1492 2343
150 9911
585 7299
1077 8771
6147 1190
1092 8497
4809 6792
8703 6611
9131 5401
7434 2505
2253 7066
7420 2321
1788 6078
4938 8403
9955 2670
2746 731
3713 2983
6631 5248
3405 7731
7826 7638
8455 7206
3291 5557
7425 6639
1622 1675
7590 2631
5894 8785
3261 1684
8787 3585
6861 9340
9306 5151
9269 6847
524 778
9677 1262
5838 1178
2652 6050
5840 9784
5104 6139
700 9632
5547 7751
8525 9641
9277 9985
7290 6253
2005 497
7025 5281
5473 6849
7857 9907
4000 441
9015 8883
7905 6712
2752 3692
644 4266
6925 2581
6302 8477
5810 9979
2926 3973
2287 8789
5444 6828
7442 1479
2474 1280
550 6112
4401 9965
4291 9297
796 1180
1744 8749
4692 4816
9263 1560
545 6429
9007 4502
1010 24
1397 932
6782 2603
4397 3911
1816 3193
2244 516
2606 4462
5708 4173
6209 316
2264 9019
1803 2725
9357 2807
5184 2693
5620 1007
8065 9397
3583 9027
2265 8946
3341 782
2124 3059
6438 6905
4907 2598
216 6164
1173 9897
4124 95
6185 3064
8513 2543
3784 2612
9124 9097
6679 9531
2031 8674
2997 877
6183 4880
1999 8934
4201 5474
4477 6022
5412 3636
7797 837
600 7954
6314 8620
9220 2139
3472 9788
2337 1243
6081 3483
2727 4767
6967 5839
8587 5053
7526 1786
8154 9490
2189 5463
2886 8509
5520 3128
5 8865
3135 412
1300 7822
2575 3638
8198 1079
8505 5234
8230 3450
2246 4129
4647 8579
534 5470
633 4225
2576 2408
2800 3443
7553 9467
2173 9818
1365 6320
912 625
7108 6146
2932 5007
728 2948
8224 3546
3754 880
8980 9325
9528 5960
3775 3970
6362 2513
4935 4248
4679 6040
5008 2810
7572 1778
6207 279
1270 7815
2750 709
7661 5655
5616 7104
678 9041
3536 695
440 4293
6949 6812
5910 8798
4059 4497
9741 3362
4364 4860
3393 2044
6651 201
7350 3789
9665 4955
7320 4519
6831 1410
3836 99
4970 5843
3223 6536
1072 7887
4499 2449
3288 7652
6294 7930
8821 9120
9997 7078
4159 3886
6155 4050
1333 9108
1921 1819
4290 7973
3603 5561
2644 7060
6657 1565
3651 9114
1861 3905
645 3283
7593 6390
66 2607
1758 1227
8126 7853
2129 1070
2862 2691
8867 9841
4965 8905
4448 3877
5195 1121
8879 6721
928 973
7581 8596
7989 5777
2945 5393
7547 5907
235 3453
8328 1301
1074 2586
7433 913
3934 6142
21 3140
2118 4793
3552 8994
3622 8639
2210 3417
3770 77
2271 8036
2732 8580
9833 2017
1328 4776
6904 3715
4485 5196
6736 5649
3208 5685
3615 6334
7182 9299
1192 6281
9770 9441
1987 5080
4454 3577
4822 3317
3587 7160
3569 8361
1791 9085
3127 5580
4763 8662
4881 7851
483 9512
8249 635
1830 9310
1113 7769
9529 9275
9486 8182
3799 6039
7673 5762
8869 7911
2161 2977
5761 958
2628 4094
3821 7802
7825 5465
6167 5871
5064 3225
355 8524
4185 6119
3759 5065
7700 1052
4646 3925
6337 4275
1411 9792
6940 8032
9747 2824
2209 5356
3532 924
8619 610
3189 5269
4946 7928
1354 1457
3392 4700
716 9492
5697 7275
5622 1535
369 6676
6623 3445
3592 4873
2982 8344
5317 6642
9751 1993
8177 1706
2310 5226
46 515
2852 5388
6135 8786
6555 8817
7459 1286
2985 573
1363 2168
9342 2176
9837 1665
783 2624
1889 8466
8168 3463
1120 1551
6389 2996
5617 9561
9735 8764
1224 265
5442 2442
7507 5609
2688 2968
6496 5131
5900 1840
8374 2069
4890 9045
4998 6701
9236 5859
3947 400
7832 7156
5505 2013
1414 9598
3308 1228
8028 9238
8106 630
1012 9004
3360 8369
9194 3116
5728 5540
4871 9008
8301 2144
7516 2263
6584 4310
1955 533
1022 7348
8395 8938
5861 1358
7993 798
3833 4017
9511 3377
3534 2477
6303 3903
4721 4289
5476 3643
2942 4200
5078 4482
9595 4267
9943 7033
9318 4031
2203 8029
4419 8684
8220 2515
8409 5430
9398 6280
1901 7679
4195 6876
3063 6852
128 7251
7722 5911
2347 9927
431 1337
4111 1876
8733 2369
6170 8310
9461 5076
1161 3421
8104 3873
4114 4174
1807 8545
1478 773
3866 4806
5528 9626
2627 2471
9858 5878
3562 438
3842 4825
4571 1521
6990 6770
5452 9601
7016 1149
2642 6049
6323 2057
3738 4254
4573 3660
1055 6836
2757 5050
1451 1145
7828 8401
2193 5105
8561 7359
8464 6800
3614 7322
2136 3712
5018 7885
1601 491
5830 7711
9152 7795
3412 4435
3613 1028
7892 8942
7148 3663
4269 6980
7198 2709
3505 7437
9047 9525
4940 3207
3220 607
9653 4443
6377 8969
8585 8888
1450 3272
2793 9023
9406 4601
7126 5563
4351 3960
7193 512
9918 4948
7450 559
6923 467
6238 7174
3920 6036
7298 8491
370 3752
5731 5880
5112 305
3177 6829
6579 3104
8274 2450
2699 2181
8116 7594
9577 7879
4425 7151
2434 2110
1404 4896
4814 4223
616 2662
5924 7912
4461 22
308 5571
7807 2188
9099 724
6973 746
299 4250
3263 5766
3659 5446
3496 2921
9856 1657
3098 6270
6742 501
5703 4702
2132 6189
9160 8297
7485 8058
171 1001
3491 9052
2222 4160
733 2009
7595 1207
4925 9378
174 3043
6388 2422
1678 4754
4278 3244
6695 667
6891 9446
1827 2123
1234 435
5307 5826
1512 4808
5140 2086
588 1980
6506 3976
6797 8653
2112 9813
6396 7839
461 3011
7395 4315
8281 1424
7725 6206
2947 9775
6696 3846
3844 2594
3120 3689
7224 9330
2420 6245
4271 1895
3544 6108
7641 4357
7325 5758
496 9412
8223 7478
7997 2350
1688 2191
8724 1
2973 4546
7846 5875
9076 8659
7017 8299
9962 4151
2325 7393
1095 2058
2550 6728
9869 4339
7321 5258
7062 1244
7847 3815
3644 8999
4416 2639
994 7966
4238 5006
3926 6616
5201 8142
6987 5097
9366 8352
4085 1771
6173 3151
9771 7396
4228 6677
2267 9011
48 7830
4068 2249
7281 5549
7900 1698
165 8389
3164 2215
298 3415
1564 2863
9704 417
4792 2939
642 1558
9949 8057
5122 5599
55 7601
6427 780
6035 4434
4649 407
1571 5241
6133 5526
2510 2402
2167 8406
361 1471
6426 9239
777 8081
4355 6259
7421 4277
3290 7211
3621 566
3570 1211
468 6002
6714 8958
4105 8547
5669 3339
8943 8644
494 6082
5035 9718
9148 9038
4823 9797
5051 254
6085 1924
898 9609
2489 9293
9505 8952
256 8272
2079 1981
7177 5155
2360 899
170 1916
5190 946
2995 153
6145 5456
9636 5812
9628 258
1162 6357
5941 4789
160 8150
4369 5449
3619 2147
5942 8710
1458 1176
1429 3460
6703 3282
9782 1409
4330 7556
3321 4158
4356 4411
8188 4253
2438 840
350 3304
9292 4157
3623 7492
5083 5159
7286 3806
4668 9362
2290 2235
4399 413
32 4939
4143 8511
8714 3761
2166 2130
1170 8407
5851 2994
218 8889
2685 1324
2668 7775
9670 284
9905 317
2865 9218
5928 7597
6921 7979
2470 4750
4782 4598
1841 4605
5187 5403
7613 6068
9133 1426
3714 7284
2071 1076
3611 8617
8152 1603
3276 9864
7527 2870
2972 4408
5477 6583
5165 6590
9831 4334
6188 5214
5594 5181
466 2838
8951 2293
668 7076
3514 3901
4027 1728
3054 2533
3722 5221
2095 8845
7512 7645
7430 4657
857 4937
9786 8540
8197 4029
4703 6838
9541 535
873 8171
5326 8658
252 3801
8911 8815
7496 1323
4710 2773
2833 8183
4135 9331
8059 2694
3121 2634
8201 2802
824 3350
8532 4862
8876 9207
2460 6609
3024 5600
1773 6046
3944 5106
7309 945
9623 5236
5400 2831
7176 9225
9844 5294
3898 7113
1505 7365
8170 602
336 5542
769 1774
8719 7706
6483 7585
8933 9025
8453 6909
5164 4179
5013 8916
9374 2268
3807 6228
8702 7546
5934 4848
4039 3215
1259 3563
4533 8940
8364 1775
8906 5636
2361 35
2410 6790
7938 5779
2022 3068
5682 6552
4790 3782
7596 8795
9424 8800
5656 8963
6906 9154
1048 6543
6957 5813
2779 6837
8553 9122
1023 5406
3006 1159
7829 4550
7230 9822
6975 9796
2755 9752
5835 6628
4149 9941
5459 1640
5605 6509
1824 1078
8109 7586
7473 6091
9835 3179
3743 7452
6409 3102
6794 7811
9466 5158
3468 8333
6827 2623
1299 6223
9456 8334
1539 679
968 9722
1813 9156
1716 388
1522 7386
6744 9656
3921 7339
4374 5107
6786 9695
3382 310
6897 4387
3087 6194
4380 9558
2930 5026
2148 6062
9421 7978
7115 9552
2051 6406
5493 1828
9732 5428
8956 6661
2647 9146
861 1894
7863 7248
3130 4123
3249 682
3763 9649
6342 6353
5121 8326
6673 2836
7378 5040
383 8206
166 953
7225 4827
4080 8738
4166 8913
1947 5059
292 3731
1779 1742
3287 6214
7474 5402
7528 1204
9810 139
5297 2915
4979 1561
9863 4735
9244 9372
7804 6166
5001 5312
6482 7199
4952 9957
5604 2214
8040 736
9474 8708
5989 5334
6237 842
8397 8470
5043 1329
4729 2141
2742 5611
5586 1438
8496 3938
894 8191
9682 8127
14 3008
8812 222
1027 455
6719 4699
1569 1686
5914 7788
4713 2416
330 4476
6944 8923
8892 4370
963 1705
9584 9344
9317 9817
3268 4406
7125 262
6197 5468
7401 6568
6578 1089
556 1645
1823 9574
2165 9554
6412 2965
1849 8136
4113 8495
9551 5786
5681 6962
4439 7568
1964 1384
7924 301
8744 5730
1037 7799
9061 8823
7044 2409
4705 3369
1647 7479
3365 8243
250 4650
4572 1231
656 6683
1590 4749
7405 8723
5101 4856
3704 4761
4190 1240
3937 9234
9798 7362
2029 260
1784 8381
7889 1911
7493 3965
9493 6096
7461 6538
5205 9002
6557 6385
2710 569
4929 2866
2077 4001
4951 7509
8064 2704
9141 30
6460 9470
3332 7147
3090 5192
6242 5397
5565 4607
6804 6386
9522 1467
5010 7110
9976 7091
39 249
1179 8234
7864 4215
6512 2085
744 5577
8241 2990
4587 6653
1274 1062
1232 1810
1321 964
618 6288
9761 1029
9605 1047
4698 9206
3813 792
4273 8926
5538 7554
9335 5546
876 5033
7605 9773
6014 6622
9502 3061
4511 5019
6373 5371
91 5194
37 1797
8262 6059
1623 6889
1038 9081
5531 4074
890 9026
1334 1814
4652 5216
6515 5139
2254 9255
151 1465
3793 2966
5823 5984
4770 4849
9862 1920
9631 3275
9251 3204
2174 8396
2649 9163
9094 5022
8968 138
8971 6374
4478 6331
6571 9403
1544 9230
3129 807
3255 5693
2288 6535
7214 3876
136 7667
2030 9416
1606 1870
6191 3025
5712 4319
9241 3001
471 552
2756 6287
2341 2329
794 9138
6052 8941
4839 3669
149 8528
7577 5633
197 4329
3091 8556
6601 2363
8564 8141
4787 4297
7565 3931
7522 827
8337 7831
8765 4481
94 9198
5421 2039
8474 394
3827 3878
1661 3802
6738 4831
7967 9923
2741 4980
9087 6567
8555 4242
9119 7842
6338 2464
3867 7268
9795 4841
5036 1284
8616 9185
2111 4342
3908 3687
7956 7409
4040 2415
6124 5391
3144 7293
1648 3682
1233 6137
240 1448
5727 3180
1764 2401
5223 9560
9707 3753
1549 6602
2107 2399
1792 7767
6935 304
1371 3729
8582 1195
6311 5381
9919 7790
2187 4740
4309 605
965 4006
9587 5795
8194 1523
3635 6079
5186 8427
8987 3972
6398 4311
3093 1221
1198 8254
8964 6076
4338 2519
1900 9536
7926 1186
2104 9126
5324 6089
173 7571
5203 7363
7580 6593
5310 2557
9612 5864
7215 4099
7051 6131
1663 3265
3358 3046
3964 9084
1727 5094
5632 6550
5574 1406
9930 7292
5270 910
7783 6423
7480 4564
3829 6430
1960 4540
7640 2524
3055 6179
9597 8752
8051 9830
6241 7063
3188 5448
4281 1368
5780 5854
6047 7592
389 287
6224 1912
2074 5760
4467 5246
3539 3256
3230 971
9 7197
200 5820
443 8593
1503 9106
770 7119
1552 3899
2388 1163
110 8306
5415 9161
4996 5283
2078 740
4525 3070
8990 4665
8000 8713
9258 6942
7414 1578
2406 7441
1652 4119
8746 7024
2088 8609
915 6684
1021 183
6650 2717
7874 3523
8649 2455
2661 2278
5717 8692
9778 1188
2551 8803
3221 8912
2536 6708
3961 1681
8367 541
6908 1689
4093 6360
786 1804
8112 3918
3444 7304
9571 6856
1102 2749
175 8313
7986 2689
8900 5042
948 276
1129 5211
3492 5177
8510 1277
1154 595
1519 9413
7840 1596
2002 9247
6300 9296
1168 7499
9062 108
9172 3260
3879 3437
2339 9284
1524 2835
4240 33
7691 9520
3044 5467
3912 3448
5358 6882
3666 7041
9706 7370
6993 8988
9485 4818
6970 9323
9671 1669
5815 8673
4976 4569
3191 8129
9216 5038
7453 1197
4914 3100
1831 6028
3367 8448
8976 888
5508 8760
8778 3192
205 7919
9860 9804
2305 3957
3117 2491
3095 6762
2672 1982
7537 7503
1566 6772
81 3423
2572 498
3224 3778
9270 2993
6767 4047
8549 3984
6615 4521
4066 1338
8378 5447
3439 4513
2697 6144
1873 7819
9196 3677
146 3502
7043 4658
5125 3048
3141 4345
9766 8256
2597 8308
4188 7573
4687 4895
9866 9772
1919 446
7002 2530
1434 1973
432 6476
5284 7720
3913 8468
646 8925
7103 1887
6668 1373
7717 1869
1281 937
6105 2006
247 3612
9271 6613
61 570
914 7436
451 1370
9984 4112
8298 1309
8132 9151
4083 7112
8387 7849
8995 6612
8478 5579
2695 935
2708 5156
7124 7252
5424 4210
7927 7137
5993 9540
86 4685
1203 1059
8485 6958
791 8857
4651 3640
5244 9279
557 2989
7684 6086
3572 7999
6172 902
211 34
1722 8039
737 3456
4317 586
1614 191
9370 3246
3214 360
887 7162
8864 3904
1936 6768
3882 9740
8833 8316
4554 6966
7878 9016
8166 7369
509 2277
5390 3750
5770 9233
9092 6853
6080 5506
3477 531
8530 7921
420 472
1344 5229
2817 5913
4920 7813
8358 113
1100 651
8010 2905
6178 6376
3300 1174
5769 3673
1502 6378
2159 9651
5209 5740
4696 7159
2400 4975
4169 2091
9388 5950
9753 5455
8110 9901
9914 957
4689 2859
6343 9080
4229 9508
4052 374
6256 3698
5836 759
9360 403
9364 8597
71 9876
4331 4720
6955 8894
7666 3407
3907 683
7 8253
4412 5162
2151 3139
9136 9715
3805 8690
8884 6217
2405 1517
3758 4543
273 4313
7761 2507
2574 8457
1864 5788
8512 8635
3124 7981
5739 7895
4081 2437
5939 9569
8697 4294
9430 9440
3306 9259
7209 8193
2602 8480
2204 9999
3772 1594
9252 4322
5341 9819
6134 8686
6698 5650
7266 7943
5733 286
7228 9315
8481 118
3074 6577
427 3740
9192 7068
9946 4897
6129 7875
1305 4376
1944 774
7959 4589
5850 1140
3021 8523
2826 4324
5719 6545
5959 9504
1433 3441
7498 8677
7552 7006
8873 6443
3604 1799
8359 3031
9051 9305
8111 6988
6347 608
7648 6171
9591 5860
7899 6764
2309 5753
8307 8348
5499 8972
8089 9028
255 9175
7132 9721
7487 4264
9104 944
3945 1888
2122 9089
3298 3657
1859 2065
2037 8451
9373 6493
9433 1682
5207 38
5451 8157
3002 838
9300 8052
1520 2092
3071 8192
9382 487
9483 3856
6495 4487
4768 7201
9757 7053
5399 6527
1615 6318
9050 8160
2754 2686
5509 2433
9823 8331
2233 854
3296 4640
1002 8546
3113 3952
8067 2252
7784 9618
1776 9532
9879 4586
7145 8108
9899 8342
270 6007
8660 7140
3026 814
1991 589
5863 2615
597 5926
5433 6919
8312 2804
4171 9369
7481 901
98 6315
665 4986
6810 5923
4964 1407
513 6016
9565 363
3132 5582
2897 3755
1436 9349
9191 3018
460 9365
9088 5951
2274 3969
9506 9066
1039 4142
5723 7659
269 2466
8295 2768
1806 42
4072 1030
7297 9791
2743 7517
4828 4719
6637 9894
2958 1837
6534 6617
631 4725
1583 8187
7626 1597
5773 5068
3541 4661
3895 9132
809 3923
7049 8216
3862 1863
7909 6104
2613 3183
2608 7633
2182 6992
990 2846
6101 9012
4214 6419
5828 7680
1194 9619
7181 3322
9691 3949
5142 7660
7366 6058
6912 8041
4263 551
2638 9848
2242 505
6783 4306
4155 7551
3872 1976
624 795
1430 800
3841 920
5964 67
364 3804
3250 2046
4850 3125
6215 9937
2518 4067
3817 1087
4891 4516
261 6899
813 3378
4778 3461
6297 1342
5323 6565
214 6466
6008 6879
2938 325
2109 7391
2875 9189
7422 3489
5134 8832
2705 9888
8375 4456
6031 2446
2465 6488
3927 2745
1376 311
3709 9223
5475 8114
1811 1493
8218 5847
8130 9562
4800 966
6296 9457
4053 4973
3057 3436
2797 18
9199 572
7608 6358
9855 2679
4777 2860
4568 7038
9940 5299
1374 6787
9648 6486
7531 3478
337 479
4005 5044
3335 7448
7279 1246
6231 8090
8292 4075
1662 2376
1951 3379
359 6371
8003 155
1836 8047
4618 5799
4089 5295
6310 7945
8031 7764
1214 7254
5902 7730
7922 9125
6669 6196
6815 1542
789 2718
1619 3924
6064 314
7600 6802
3857 8147
8526 6901
5123 3670
4944 5625
1364 2583
5644 3599
7170 1026
9459 1175
6322 1793
6977 9149
4379 799
3822 6205
2814 5114
2286 8570
7317 6632
2724 1767
9250 9495
6747 9942
8304 5527
614 4286
2633 2021
9159 3855
5660 5337
4335 8202
6848 3197
7034 6627
919 938
527 6566
6743 9725
4898 8360
6890 2355
741 73
3675 7779
8179 5627
9729 1546
690 8870
7694 9921
2919 6539
4859 5086
6370 808
1962 3427
5290 5501
6902 5386
1858 986
6018 4629
4911 6893
8804 6402
5781 1702
6991 5081
3252 6979
9640 6321
5809 1942
493 662
3756 2992
8244 9602
8035 9448
6638 6446
1208 6199
6187 9686
870 7417
1735 5098
5225 7697
7934 5052
3785 3555
1629 7969
3241 4786
2224 9368
5314 2282
6798 7250
8777 1892
6045 3400
1389 3776
9548 6053
8827 6540
4061 1946
5176 9262
5095 1954
7244 5090
6750 220
9054 4258
1650 3559
9915 9534
3320 1720
1025 7351
9903 6013
6264 1501
3475 8070
6760 8208
3053 9169
2778 8046
1929 9103
5285 1064
4595 3359
1958 3380
2353 6959
7109 3326
5425 8672
3396 5654
2841 967
4594 921
7056 8584
3277 5581
7085 1933
8038 8317
6102 5922
7838 5889
5778 3297
2035 82
6833 5182
6459 429
7175 5039
8715 2108
5429 1131
5938 1247
6184 5490
9059 9944
2014 1015
4718 4213
57 9503
3467 1940
6349 4558
6434 0
4184 2262
5968 7221
5488 1670
3454 4417
152 7475
4709 381
8018 1495
1743 1006
2744 2573
2456 8030
5254 2064
2428 7872
4147 5970
5977 2160
977 5801
8138 1589
4243 2389
5009 6965
7603 7241
5355 9852
6807 9630
5768 1114
2759 8534
357 1279
3893 9956
2192 1152
8269 9260
9217 8338
7756 3574
1082 8704
3625 8392
697 5996
7269 1472
8886 9743
2711 4995
2131 4025
7018 5555
4957 7803
7947 4060
203 8745
3154 6936
9974 2379
1165 745
670 7958
5776 9321
6976 1432
4876 7346
2980 1253
2636 3015
2562 4493
1252 9153
4877 9254
2885 4593
3594 8302
4312 5990
3678 950
7992 1193
7167 5554
3566 8932
755 8871
4096 5173
3870 8728
5686 9444
9543 5512
5819 4956
7834 3849
9655 6895
8822 4437
1780 5905
6884 9237
6372 9171
390 2371
6116 7107
8315 4608
6475 5278
8079 7390
72 8974
9809 499
6367 1996
5489 1992
3503 5517
5930 829
9978 6575
6978 865
7970 7574
2554 4565
1097 1651
62 1367
976 4366
2423 9040
2516 1352
8666 5532
5973 6379
4978 8155
2565 8758
582 237
2280 7715
2730 1880
87 9620
44 5741
1080 409
4528 8437
7328 4175
5716 8203
8613 9644
1476 1202
4759 4326
8084 821
617 9077
3259 860
8664 3451
9581 297
7564 7766
2879 1925
9838 6201
134 1485
4178 9712
3452 6465
3375 2
5608 1065
1271 8268
4430 1995
1513 474
1238 6293
6410 5690
16 4197
3017 8784
2421 8175
815 587
9121 1509
4745 8024
5460 29
9745 7744
6267 3787
326 1664
5746 1696
7233 5350
8950 3394
1263 3794
9165 9013
6250 832
6026 6674
1446 5495
162 7149
8739 1592
1226 8425
5289 6588
8227 1419
7534 1838
6452 6346
4126 4495
1377 5058
9680 8836
477 8020
6596 1559
126 5304
7682 3545
5426 8914
4371 1144
5031 7500
373 5014
7791 691
7823 1593
5511 4583
4237 1217
7239 7439
7272 9746
6511 2273
6699 1209
4812 4426
4198 8221
5705 7217
9500 3983
9936 2103
1392 7765
2971 9049
4771 3853
5486 9100
4498 8605
6431 7154
577 5765
3727 6276
96 3422
309 6235
1638 2292
8083 8004
9400 3767
5016 2834
1923 8571
6916 4346
2902 283
9638 3694
6926 2854
1213 7785
7404 5487
6886 4711
372 5378
5606 332
9657 4676
3951 436
5909 8606
562 3150
5119 4088
8213 4077
8648 1257
448 6805
7468 2499
7187 3610
1785 2969
1164 8012
4318 3209
7218 689
816 5601
4431 7001
6697 7550
15 5330
7508 2340
3627 2427
1856 2395
9972 4002
3916 9437
8632 2178
8993 8011
8729 6220
1970 8853
4004 6272
4987 6709
3470 6946
2912 3307
2299 1631
1643 727
7990 2059
9998 4261
6414 2302
2811 5590
6399 4295
9396 9801
5825 1222
8667 4748
1068 8502
9840 3652
4204 6928
1230 4757
3796 5915
227 5664
9733 6192
1181 4674
141 437
2458 9407
4590 184
7609 1136
1264 4038
3295 2680
366 4534
3333 9479
526 4574
2604 4186
6930 7022
5720 3620
7747 1112
1386 5389
4429 4472
8688 9975
3240 145
5102 320
2213 4736
271 7027
1019 2781
1032 7431
0